Hz=600,WPM=6
10033 40200 02815 14969 51949
67567 47272 08156 98947 00015
96811 06424 77585 64103 77989
36332 87861 59831 90807 97879
03220 87198 35264 91066 50218
19646 11360 89334 28855 10292
92539 19242 39132 06020 05356
80789 54490 06829 49813 73976
01488 65835 99352 72244 80125
29923 07088 02152 90402 25651
19905 63699 05761 53018 64363
56886 79316 85466 13901 55154
57954 76112 95079 85062 41673
71839 07897 46609 83589 72649
52354 13238 30587 31655 28451
38064 09224 95743 09629 67971
92943 91470 22446 29519 34859
18837 66903 96147 81857 51286
16442 20974 60495 15374 24178
50881 70771 11101 36996 12429
09791 50771 04342 70503 49254
40596 44527 61049 90161 31863
86156 53038 32511 24574 29227
46470 76304 18728 73741 41346
16095 12488 15175 24157 39435
61008 88875 23038 63496 10249
63297 22640 88279 60212 38441
22964 13783 10897 14306 24010
40009 62303 90892 25777 66956
14431 68200 28265 94625 67280
46230 31475 23015 20851 24981
35407 52127 75143 04454 40060
81961 30157 84648 45435 12516
85892 65564 51531 43793 42349
47201 58349 75791 99528 29560
65888 08511 57428 12641 74149
41952 16050 96443 83131 76115
75393 80967 92835 10999 35458
66212 03261 46605 96244 52178
14408 82932 57752 38867 26277
